0000000000000000
1010100101101111
1011110010001000
0110010000110011
0101000001111101
0000000010001011
1011001010010100
0111110010100011
0011000100101101
1011110110011010
0111111001010110
1100111110000001
0001111110110101
0010000110100111
1000000101001011
1011110110001111
1110100010111110
0100000110101110
1000011101110110
1100000110010111
0001111011110110
1111101000001101
0010110101110001
0011001001110000
1011010010111100
0101101011101001
0010111011100110
1100101010010100
1110110001011000
0011000010010101
1000111101100101
0001111100111101
0101111001110000
1011100010001100
0110011100000101
1101100010010000
1100101110111111
0110001110110011
0111101101000111
0111000011110011
1001001111110001
0100100001010101
0111001101111001
1101010111000010
1101100100001000
1000111100111100
1010001111100100
0100011010110111
1101111000101001
1001001101101010
0000110110011001
1111010100111110
0111111001110100
1100000111100000
1100001000010011
1000100000101000
1100000001000111
0011110101010100
1010000001000101
0011100000110101
0011100001011101
0110010100111110
1010010010000011
1110010000011111
1110111110110101
1101000010111111
0001001010001111
1001111011001111
1011010001011001
1110011001011001
1011011100001110
1101111101110011
0100101101000010
1010101001111101
1100000011000010
1001001111000001
0111000001010101
0001110010010010
0111000010111010
1001100110011001
0001001000111111
1010000110011101
0111100110000110
1000011010001111
1100001100010001
1110010110100101
1111111000111001
0101001010011011
0001001010110110
1011000110100110
1110101001100100
0100110011101010
1000101101000101
0001101001001101
1000001100011011
0000101011011110
1111111110110110
1000100010111101
1110001110101001
0111001000111011
0100101000101001
0010100110110001
1001010010011001
0001011101011110
0101110110010100
1110111111101100
0001000000011111
0110100100001010
0101111010110011
0011010010010010
0100001011111111
0000110011001101
0000010010110010
0110010111100101
0010110011011101
0100110001101001
1111101110001000
1001010111001100
1010011110111101
0000100111011011
1101010100100011
0100101111111011
1001111010000001
0010101001100000
1011110100111000
0010100000100010
0100110011110101
1111100100110010
0011111010011010
0001110010110010
0111110011110101
0110101111011110
0001010111111110
1000010010010110
0110000100011110
0010011011110101
1001101010111111
0111100110111101
0110100100000001
1110011100110001
1001011000110000
1111001100111000
1110111011100011
0000101001101101
1111100110001010
0101100111010010
0011100101111101
1110000111101001
1010011100100101
1010001110111111
1101001011011101
0011011011010101
0010101010000010
1101101001100011
0001001101111100
0110100000101011
1000111111111001
1110110011001111
1000000011011101
0101011000110011
1111001011101100
1001001110110000
1000111110101010
1110111011110001
0101011100100110
0101101111001111
1110001100010110
1100001101101000
0010010111111011
0110110101100111
1001100101101110
1100110110110000
0000011011001111
1010011011011100
0100100110100111
0111011111101110
1011100110001110
0111010000100001
0110001101101010
1111111011101100
1000101001111110
1011011101011001
1010010101010111
1011010000011011
1111010100010001
0111011000101000
0101111000111000
1010010011101010
0010100000110110
1010100111110100
0000100111101010
1001010110101000
1001101011001111
0010011111001110
1001000110011011
0000100111110100
0110000011110000
1110001011000100
0111100000011011
0110101010011011
0100001100110001
0001000011101001
0101011101000111
1001110101010100
0111101011000100
1011011100000111
0101110101111110
1010011010111110
0100101110001100
0000111000110011
1000000100111110
0010010000101110
1001011110100111
1100100101111110
0111101011100000
0110011000100011
0001100110001110
0000110111101100
0011110101010101
1100010001000111
1110100001000101
0100000010010110
0101100010111101
1110100011011011
1010000101011110
1101110001100101
1000101001010100
1100100111100111
0001011101101100
1001010111110010
1101100011111000
1010110000101100
0101111100010100
0111111111100010
0000100101110010
1011010010001111
1111001100010010
0110111011110110
0110000110010010
0110101001000010
0101111000110000
1000010110111101
0011000000001100
0111110110010011
1011110010001010
1000111000001010
1000110001111100
0000110000000010
0000110011110001
0111011001110011
0110000010100111
1001001101001111
0100001010000011
0011101111101000
1000110000011001
1111110111000000
1000111100101111
1000110100010001
0110101100100101
1111010100010000
0111100001101110
1010011000000100
0110110011101110
1111001000100000
0011111001110100
0001001101101011
0100100000100110
0000000001000111
0111100001111001
1011000101001000
1010100111110001
0010011001100101
1101100110001101
1100101000000001
1001010001001110
0110110101100010
1001100000110101
1110110100001110
0110101010000011
1100101101110001
0111001111000001
0101000100101000
0101110010000100
1111011111010111
1000000110010110
1111111100001011
0001101101001001
1101000100110100
1001111111010011
0000101000000111
0110001111101001
0111110101001011
1001001110000110
0011100011010010
0100010111110110
1100101101000100
0110011111110000
1100010010000101
1000010001000001
1111010111100100
0001011100001101
0011011010101100
0011001011010111
0110101111001011
1110010010110010
1010011111111001
0111100010111011
1110101100010000
0010110101000100
0111111100101100
1111101111000001
0000011101101100
0010111110110100
1011000000110110
0000000001001111
0101011011100101
0100001001010011
0011011111011011
0010001100111010
0110010110101101
1101110101001000
1111000110111011
1000000010000001
1010101010000101
0101111111101111
1101111100100101
1110010011011001
1000100011001100
1100011001001111
0001111100100101
1001111001011010
0110110110110010
0011000011010010
1111101010001111
0111101000011111
1111011100111101
0000011110100101
0010011001000100
1101000010110111
1100100100101000
0001101111110100
1101010001010110
0000011000111000
0001110100011110
0010110110010100
0110011000011010
0000001011010010
1011111011000110
1111011010110111
0010000110011110
0011111101100001
1001111111011011
0101001100111011
1111111010000100
0110101001101111
1100100111000101
0111010101000010
0001111100110100
0111110101001101
1111001000001001
1000010111011001
0010011101110000
1001100010100101
0010010010111010
0110011011111011
1110100100000110
1110001000100111
0100110111110000
0100110000110110
1000010010011100
1000111111001100
0111110001101111
1100000111011011
1001011101011000
0000111110110111
1101111000111001
1010001100101011
0100010110101010
0111100111001001
1011100001011000
1000011000001001
0101001000001101
1101101011000000
1011001110011111
0110111100101011
0000010111001101
0011100100110100
1010111000100110
1110100101011001
1110000110000111
0100110011000000
1100000000110000
1110001001101100
0111011011111101
1100101111001111
1101010101100111
0101100011111010
1011110101010000
1111101101111100
1110110000001001
0000001100111101
1101001001100000
0010101100101001
1001001110011110
1111011101100110
0101011110111100
0001111011001111
1000100001111011
0000011000010000
1011010100000001
0100011011111001
0110000011001011
1011011100010111
0110111010100111
0100010110110000
0011010011100111
1001011111111101
1010100110000100
0011010001111101
0000110001110000
1100001110000100
0110100100000001
0110000101011110
1110011100010111
0010001100100110
0100110101011000
1111101000001101
1011100110110100
0010001010011011
0101001100110101
1110000110000011
1110011100000111
0000001110000101
0101111111010000
1110100010101001
0011110001101111
1111110011001100
0000010000111001
1011011010100100
1011100110011010
0011000101001000
0011111001010010
0101110011011111
0101111000011110
1011100101011001
0001011010011111
0001000010011100
0100001101101011
1011110110000111
1101100101110001
0111000110101001
1110101111010110
0010001010000000
0100110101001000
0001011001101010
0000000001000101
1000001010010010
1010100110110000
0010000011000010
0010100101011101
0100000111011010
0111001011011001
0001110011010111
1110011100101111
1000000001100011
0011110000001011
1011011001010100
1100101100001101
0101010111100101
0001011010111001
1000110000110000
1000001001011011
0001101011110110
0111110101111001
0010010010110010
0100111000000101
1011101001100000
1101000111010111
0100001010011000
0100110100011001
0101001111101011
0110101011001010
0100100100100101
0100110101101110
0011101001110101
0110000001000010
0011010110101110
1001001101111111
0001111100101111
0100001111011001
1001100100011111
1110011000111101
1100101111000001
0011001101110111
0110000111000010
1101111111100000
0111000100110110
1010100001110111
0010001001111001
1010110100001110
0011001100111110
1001111011001010
1110001111001000
1010101011000110
1100010100001101
1010000000010011
1011110101111010
0110101100110100
1101001101011101
0100101001100011
0101011101110100
1100010100001111
0110000000011111
1000001010000000
1011111001111010
1101101010110001
1110001011000100
1110001010110100
1010110101110100
0011010110000101
0101111001111011
0100110110010101
1011100101001111
1011110110110111
1111110010110001
1110010001100101
1000100011101111
1100110001110010
0110011001101100
1011100010110100
0010101101101111
0010111001001000
1010101010110010
1110111011111000
0110111110110100
0000011011001100
0101000101010110
0110110000100111
0101000000011010
0011101111111110
1110100100000000
1011010111010011
1101100001001101
0110111011011101
0010101000111010
0000010100110000
1010101000000100
0111100011001110
1001011111110100
0100100010000010
0000010011111010
1101001110010010
0010101111011011
0000111001100111
1111010101101101
0111010011010110
1100010101011001
1001111011001000
1110101100010101
1100010001010110
1000000000110101
1101110111100110
0100111001000100
0011000101011001
1010010001000001
1011000000111110
1011001100001000
1010010100000010
0110011101110000
1110001111011111
1000011011001011
0001010010110111
1000111000110001
1011000101010001
0110001111011101
1001110011010010
0111011111001100
1101111100110111
0001000101000011
1111000111101100
1011100010111011
0111100010101101
0100010101010100
0110111111000110
1100000011010001
0000110111000011
0001000000111111
0101111100110010
0001111111011111
1011010100100111
1100000001011111
0000111100011001
1000101111111000
1100110011011111
0001000111011111
0001100001111100
1101110000100111
0010111001100001
0000110110100000
0100011100011111
1100001101111000
0110111110001101
0010000111111000
0100101111001100
1000001111010010
1101001100010000
0100110010010100
0011010001100100
1001010101011101
0110110000111010
1011100001111101
1111001001010100
1101101001000000
1100111010100111
0011010010111110
1001010101011000
1100100100011011
1010001100101000
0110111000010100
0001111010111100
1001110010001100
1110000000011011
1011000100001000
1000011100100011
1101000111100110
1101001000001000
0011000010100010
0011011111001111
0001011010000111
0111011100110110
1110001011011010
1010011110101011
0101100001110000
1111110111110111
1001011111010010
0110000101111010
0011101111001001
0011110000101111
1110001001000001
0000001100111111
1101000001001101
0010100001011010
0100011010100000
0001000111101000
0111111111011100
0011001101101101
0001101011110001
1101100000110101
1100100010111111
0110100000101011
0011101010011110
1100110100100110
0011101101000111
0111101100110111
0110010000101010
1100101101110011
0001000100011110
1110010000111110
1010010100011111
0101001000100001
1111001011001101
0001010011100111
0110110101001100
1011010100011100
0111001010100000
0001001001010100
1000001001111011
1011100111001011
1011010011101011
0111000001000111
1110000010110011
0100000011110001
1110101111000001
1110011110001111
1110101101110011
0000100000011100
1011101111111001
1111111111101010
0101110010110100
1001000110010011
1001001001001111
0010111100101101
1001000011011010
1001101101100101
1010001100101001
0101001100100111
0101010111010000
0100111110101101
0010001100100001
1111011110111000
1111000001100101
0011100011100110
0110001110001001
1011111011110110
0000000011010111
1010110110100001
1010000000011101
0100010001101010
0000111111001110
0011010011001001
1101101100001100
1101100000110000
1000010111000010
0000001100000100
0100010100011111
0001000011111110
0000111011100011
1100011001100111
0001010011111110
0000000111000111
1111011101101100
1000100010010000
1101100100101000
0100000001110000
0011111100110011
0011111011000100
0000011010000000
1110001110001110
0011110111111011
0110000111010100
0001011101000001
0000000000110011
0101111100110011
0000110111010010
1010010000001110
1100100000000101
1010111001011011
0011111110001101
0010000010000101
1001101010000110
0001101100110011
0010011101001111
0000100001101010
0111101001001011
0010101000000111
1111101100100101
0000010001000010
1101100110011101
1100101000001110
0001000101100011
0100111000011101
1000010110001100
0100111010000101
0101010111101000
0100000010100111
0001101100001101
1101101011000010
1101101110100000
1001001001010000
1101000110111111
1101111111010011
1010100110011010
1110100111100110
0111110111100010
1001100011010100
0011011000111001
0000110110010010
0011010000110110
1101100111100011
0000010111000100
0001001111110001
0111100001100111
1110110011111011
0001101111110010
1101110110011110
0110110000011011
0110111000110010
0100011110001101
0001001011101000
1110010000001100
0110110011101000
0100100001100110
0010011100000111
0101011110010010
1101001110001101
1011111110100010
1101111010001010
0111011011000010
1101000001101100
0100100000101000
1010101100011100
0011001000011111
0110111111000010
1100100110011011
0100110111111011
1000001000100011
1100100011001111
0010001111011011
1101010100000111
0110111001101110
0111100111001110
1101111100111110
1110000010100101
1011111110010001
0001111001001010
1010111001001000
1001011100110100
0101011000110110
1011110101000101
1101100101100100
0111000011000010
1011001010010010
1110011000110010
1011011010110111
1110100111011111
1010000110110011
1010011011011101
0001100110001000
0111111000000110
0000101111100110
0111100101001101
0011101111011011
0011000000001001
0010101101011001
0111101011110000
1010000100000001
0101001100100100
0010110011101100
1011000101110111
1001010011011000
1011100010000010
0101000111010010
1011011100010001
0011101000100100
0010011110100001
1011111000100110
1110101000110110
1010010110101001
0100111110010001
1001001110111000
1111110000011010
1001010000101100
0100000000101011
1111110110110100
0111111101010110
0110110010001111
0100110110011000
0110010100110100
1110001110110110
0101010000001110
0111101110101011
1111011101010011
1100101111000101
0111110011111000
0110101001111000
0010010100111011
0010111110111011
1111110000010110
0001000100001011
0101101111110011
1011001111001100
1011000111010011
0110110011000011
0111001110110010
0110001001011111
0101101000101100
1100011110000110
1111100011000001
0000010110011000
0100100101011111
1111111000000011
1011000000000111
1010011101000100
0101101110000010
0100001111001101
0110001100100011
0110110010011010
0010001111000001
0100110011010011
1000011110111101
0011001011000000
1101000111001000
1111010110000110
1101010101110001
1000000100101111
0111111001100101
0101000101100111
1010001001101011
0001000010111110
0101001100000101
1100101110110001
1010010100101101
0111100100010110
1011111000000010
0110100110110101
1110010010111000
0100000111011011
1110101001111111
0101010000001111
1011111011001100
0100101110011000
1011011101001100
1110111100011101
0011100010100010
1000101100111010
0101110010100111
0000101100001101
1101010110111100
1011000110111011
0011110111001001
0001000101011110
1100111011011101
1001010101110001
1010111100000100
1000101011001110
1011110011010111
1000001100101011
0000101010100000
0000101010111001
1111010100110000
1111111110011010
0110001000100000
0000010000010010
1000010000101010
0010100111100111
0010010000110100
1000111111011000
1000000100110011
0010000001011011
1000111100111010
0010100011111011
0011001000011011
0010001100001010
0000100010001110
0000000101001101
1011010101110100
0110011011100111
0111000101100001
0000111010010011
0010010000011101
0100111001100111
0101001101111001
1101001001010001
0001001010101001
0011010110010011
0110001011111101
0101000100111111
1000100010111111
0000110110110000
1011001011001100
0001110111111011
1000001011100100
1011110010100011
1100110100111110
1110001110100110
1001000000010001
0000101001010000
0111001111011110
1110110001000011
1000011110110111
1010110101110110
1001100000101110
1101011000000011
0110111000010011
1101011001111101
1011111001101010
1000010001011011
0110010001100100
1100100110011010
0010011000001110
0000010011001100
1110110000111100
1001011001100000
1001111001110010
1110101100000100
1100100101010000
0101101000101111
0110010010110111
1111001111100100
1101111010000011
0101010111101001
0111011110110101
0110011111011001
0111101010001000
1111000000110000
0111111111001100
0111100101101011
1110001011101001
0000010010101101
0001010011101011
1011111101011101
0011011100111100
0011101110111001
1000111001111010
1111110001010011
0100010011011110
0111100011100110
1010010100011100
1101110010011111
0100011100011101
1011111111010010
0110100101100100
0010110110101110
1111100011011111
0101011100111101
1001011110100010
0000110001000011
0101100011010010
0010110001110111
0100110010100100
0110101101101000
0001100111110010
1001011011110000
1000011110110101
1110001001010101
1100010111110101
0000011110100000
0111110000011110
0110110100010111
0000111111001101
0111101000001101
0110110001000010
0010110010101100
1101111001001101
1100100000111110
1000000100101011
1100010010011101
1011011001110111
0010011101001011
1100000000000111
0111100100111000
0111111111100001
1010111100000000
0101111011001011
1001100000110010
1100100100110011
1111101011000001
1011010110110111
0100010011111001
0011110101110001
1000000000101110
0000001010111000
1000101111100000
1101011001011110
1000100001111111
1001011110001111
1110010000000000
0001000001001010
0001100111110001
1110111001101001
1011110010001101
0100101001110011
0111100110100111
1000111100001011
1111101101111111
0000100110011101
0000001110110110
0001011000111101
0110000100011010
0001101011011000
1010010000101000
1010100101101100
1101001000001100
1101101110111100
0111110010100010
0011101100100000
0000000000111111
1100010110011001
0101100110000111
0110011111011000
1111000011010100
0001000001111010
1101000010011011
1110100100000010
0000111011110000
0100000010101111
0000000000010011
1001011110001011
1101101111100011
0010101100000110
1111110010011100
1100100101101011
0101010011000001
1101100000100000
1101011011110111
1111001011110011
0010110100001101
1110010001110001
1111100001101011
1100001111000001
1000110100110101
0101101100001011
1110111011100110
0001010011011011
0100111001100001
0000011101100100
0001100010010111
0011010110010111
0110011000010111
1100100000001011
1011101010110101
0000011101011010
1100010001110001
0010011110001101
0100000101001110
1011101101111100
0101111000001110
0010000101011010
0101110100001110
1110100101110011
0100010011000101
1011000101110000
1001001100000000
1011001111011011
0010110000001111
0011100101101011
1010010110001110
1001001111100111
1000001111101110
0011101111001110
0101101110111100
1010101101000100
0110000001111000
1110100101100001
0110011100101001
0110001101100000
0111111001010001
1011110101010011
0111100010101000
0101110110010000
0100101000001101
0010000110111001
0000100111011111
1011010010101010
1101101110100111
1111010110111111
0010110110111100
0001000111110010
0111010101100110
1000011011101100
1001111011111011
0010001011000000
0000000111000010
0100010101101011
1111111001110111
0000011010001110
0000111110011000
1110101101001101
0001111110101101
1110001000100110
1110001111111101
0000110110111111
0001001011011101
0000101110100110
1111010000100111
1100010101110011
1110111111100101
0001011000001110
1111100011010100
1000000100001001
0110101110011100
0100001110011101
0001101001010101
1011100100101111
0010100111000110
1101011111011110
1011111010101111
0001000011011100
0010110011000111
1110001100101100
0100111011101010
1000110101100010
0100100010101111
1010110110011010
0010010101100111
1101101110110011
0001100011100001
1000111110110010
0100101101010001
0101010000101001
1101000111111101
1001011100010111
1011110001000100
1110111010001010
0101001100110100
0100110001100001
0110111000111000
0000011001110011
1101011000100011
0010010011100011
1010001000111010
0111000010111000
0111000110111100
0011011010110111
0001000100001110
0110100111100000
0110011010111111
1101111101111001
1110111010111101
1110011110100111
1001101111000110
0001001111101001
1110010010110001
0111111001011011
0110001010001011
0110001000111100
0011100011101110
1000010100001001
0111110000111001
1010010011100010
0111110111110001
1111000000111100
1100011101011011
1100000111101110
1101001100111011
1111011011100100
0000001000111011
0011010111001011
1010101101001011
1100111110010110
1010101111000100
1110011101100111
0011100011110000
1110011011000011
1100001010010000
0011001001110101
0100101100100111
1011110001110000
1110011111001110
1001101100010100
0101101001000001
1100110011101001
1010000111001011
1111100000011010
1001111010101011
1101111110110001
1111110011000111
0011010101000100
0100011111100011
0111101011100010
1001000100110001
0101110011011110
0101001000110001
0110110101101110
1011001111100011
0100010001011110
1100011111100001
0010000001101011
1000101111011110
1000010011000101
0011011000010111
1001111110100110
0000111110100010
0001011010011110
0000111101110100
1010011111101010
1010000101011111
1110000110011100
1010000011000110
1111001110000011
1001100000100010
1100010011101011
0100111001011111
0000010101101100
1101100011000111
1100000011010000
0001110010100110
1010110001001001
0110000010100010
1010101101110001
0000100100010000
0100110101010010
1110110010100110
1010010011110100
1000111010110011
0000010000100000
1101111001111010
0101010000110111
0101001101111100
0101010010000101
1110001101011011
0100010011111001
1110110110000010
0001010001001111
0001011010100001
1100111010101111
0110110010101000
1001111001001101
1000011100111100
1001000011011000
1110110010100110
0000000111111111
0011110101111000
1000100100101110
0111110001001110
0001010001110110
1001001111101011
0101001101001000
1111101110001010
1101011110110100
0110011000000100
1101111110001110
0101110100011000
1101110101011110
0110011110011111
0101000010111101
1011000111111000
0110100010011110
1010011110010111
1110011100011111
1100100111011001
1101110100101111
1010000101110110
1010101011111000
0011101001001001
0100001100110101
0100110001011011
1100000110110101
0011010000100110
0010101110010010
1101100111100011
1111000111111011
1010011111010011
0010110101010100
1010110000010111
0111011100011100
0111011100111100
0000101001000110
0111001000100010
1101011100011101
1111111100000111
0101101000010100
0110010010111110
0111000001011001
1110110111100001
1010001100000110
0000001110000001
0101110011111111
0001010001000110
0110110011100010
0100110000001000
0000010010100101
1001111010111011
0111101000010110
1000011011001101
1001011101110100
1010011111011000
0000011010010010
0000111110111011
1000000110000011
1111101001001100
1100011011100100
1010010100110010
1101101000100011
1011101001101001
1000001100010000
0001100010110000
1111110001110001
0101000100010010
0000100111110111
1111011100010001
0110101110011000
1001001100110001
0000011001000100
0110110001111110
0010011000000001
0010011010000010
0000101111001101
1010100111100101
0101110101100011
0011111101101010
0101011011110010
0010100001011100
1110000110101000
1010111111010111
1111000110110011
0100101001110110
0111010100110000
1010010100010100
1110011111111010
0100010101010111
0000011001101111
1001010110110001
0100010111110101
0111000011011110
0101110101101010
0111000111010100
1001100001001111
1100110011101100
0101110111010101
1011101111101010
1110111000000000
1100110010010101
0110011101001010
1010011111101011
1010100001010001
0010101111000101
0110000100011011
0100001011011010
1001100011001000
1111011100011000
1001100010110001
1101010000101100
0001010001011111
0110101011100100
1011000001000011
1001010010011010
0010000011110001
0110100000010111
0100011101110011
0110100100010010
1010110011111101
0001110000101111
1000011101110100
1100011011001100
0000110000100000
1111010111000010
1001111110110001
1101110110101100
1110111111010000
0100000100001010
1100100101011000
0011101101100111
0111000101000101
0010010101011100
0010000001100010
0011110001100000
0010011111011110
0101110110001000
1000000110011001
0101111101100101
0001011001111111
0111100101101111
1010100000011110
1111100111001011
1001001110101011
1110111010001000
1111010010001101
0011110101110011
1010010100101001
0011110001011111
0110001100010000
0110010010000111
1101111011001110
1001101111101011
1111010011100010
1100010110100010
1100001110000011
0001101001110101
0111101011010100
1011111101000001
0011111000101000
1000000000011100
1010110001101101
1100001111111110
1011010110001111
1010011010111100
0100001111011000
1110001110010000
0000110010011010
1001110010100010
0110101000101001
0010101110110100
0001001110000100
1101110110111101
0001010001001101
1101101110001010
0110110110011100
1001111000101111
0011000100111101
1101010111110010
0100000111010110
0101100101111111
1100011110110001
0011110101010111
1100111110010101
0110100001000011
0110001011011010
0010101011101010
0100100101001010
1110100101001100
0010001101110011
1011000111111111
0101111110111110
0011010001001111
0101111001110100
0101101100000110
1110001001010110
1110001100011011
1001011011110011
0111110010010101
0100011111011001
0000000000100010
0000111011101011
0010010100011110
0100010000010010
1101110010101000
1001100000100011
0100101000100001
1111010010111000
1100100010001100
1010100010111111
0000110001111011
0010001101010010
1010111101101100
1100111100111010
1001100001011010
1110110011001001
0110010101100000
0110001011010011
1011101011001010
0010011101100101
0100101011100001
1000111100011111
0111010100010101
1010111001101011
1000001110111000
0110101011010111
0010111001110111
0101000100001100
1100011000111001
0101000001011111
1000110101011111
0011111110000011
1000110001010010
1010011011000010
0110100110101111
1001101011101101
0000101000111110
0101110001010000
0111000001010000
1010011010000101
0010101001011010
0010001110000000
0110101110100100
1100111001100101
1100001110111010
1111001101000000
1111001100111001
1111111110000001
0011011000000010
0011001100001010
0001011101111010
1001000000100100
1011001010001111
0101111100001001
0111101010010111
1110100101011000
1011011111000110
0000001101011100
0010011000111011
1110011111100110
0011010000001100
1101101001101011
0111110001110111
1111100000011100
1011100010101111
1001100001011011
1110000100010000
1100001100111000
0010001001100110
1001011001010010
1010010001011111
1101101111110100
0110011101000000
1001010001000001
0001010100110001
0001000100110001
0001111000110101
1101010010100100
1000010111100100
0011010001100001
0110001011000111
1010000010001100
0100110111101011
0010001111000010
1101010110111010
0110101000011111
0101110100010001
0110111001001000
0111001010000010
1010100100010010
1000110110110001
0000010010001001
1101100110100011
0010101111001001
0001000111010011
1001001111111010
0110011011000111
0111111000010001
1111001101000001
0001011011000111
1010101111110101
1111010000110101
1001010100001100
1100101111000011
0010010100110111
0111011000000111
1000101010111100
0100010111001101
1101110001000111
0111000101111001
1001110001110001
0010110011001111
1000010011100100
0010000111110100
0101000010011001
0011111001011110
0110010001111011
0100100111111110
0000110011000001
0011100110000001
0010011001000100
1010110101010111
0000010111101110
0000010010001111
1011101010111000
0011010010100001
0010110010000100
1000011101100110
1000011110001111
1100111110010101
1111001011000101
0110001001110011
1000111111111001
1111101000000110
0110111010000010
0010111101110000
1100111011110000
0100001000000000
0110110111000000
0100010111000111
0001001001011110
1011010011001011
0000010111000011
1000001010011001
1101000100100110
1011111001011110
1111011111111111
0000001101100011
1011100000101000
1111100111100010
1000011101010100
1100101011100111
0011010100111000
0011110101101111
0110000000110010
0101101111110010
0001101100000011
0011100111111111
0111000000110000
1001110101011000
1100001101000101
1001111111101111
1110001001001011
1011101110100001
1011101010001001
1011100101110011
0101111001010011
0111010010100111
0000101010101010
0111001110100001
0010100001110110
0001101110101011
1111100000010110
0010010100111101
0100000111011111
1000110110000001
0110011110100001
0001011001010111
1111010001010110
0101111011010100
0000101010111010
1001001000111100
0010001111001011
1000001111001010
0011001100101100
1110110111001101
0101110111010000
1010110000110100
0101011000000010
0111000101101110
1010010000011001
0000001001010000
0111010100001001
1001010110010000
0111001110010011
0000111001001110
0100001010111111
1110100100111001
0010110000011101
1001001100110100
1010000000010101
0001111001000101
1100111100101101
0000101000101100
0010101111110000
0011110101001101
1001101101010001
1000100100000000
0111010000101011
1111100111110010
1100111011011001
1011001011000001
1111110011110010
0101110100001101
1011000010111011
1010111100010111
0010101011001001
0101001010000010
0100101000000100
1111010100101100
1100001011001000
0011001000001011
1100010100000001
1101101101100000
0111100011011001
1100110010101101
1100101001101110
1101000100101101
1100001110010100
0001010010101011
1000101001011011
1101001101000001
1101000100111010
1111101101101010
0101111000111011
0100000001011000
1011000101111000
1001111001001111
0010000110011001
0000111110110111
1011111001011110
1001000101010111
0101100010010110
0010000011111111
1001110110010100
0101110001010101
0111001110011011
0100110010001101
0111011001001111
0101110010010101
1101000111001000
1101101100101100
0000010000111000
1010100000001111
1010110010011001
1011110000111101
0001000111011111
1000010101101000
1001001100101101
0100010110101100
0000010010101010
0001000010100000
1110110011001110
1001010101000000
0110001101010101
0000100100100000
0111111101001110
0111100011111011
1010111001100011
0010010001010010
0010000010001000
1001010110000011
1110110110110010
1110001101000000
1111011100000111
0010001111011111
1011010110000001
0001001110101111
0010111000101110
0110000011000000
0011100110011100
1000101001101110
0110101001110111
0010001001111100
1001001001110100
0101001100000000
0110111011001101
0000100100110101
0101101111011011
1111011000010101
0010101100010110
1001010101011101
1101111100010100
0100000000010110
0000011001000011
0010101110000011
1110001011101111
1010010100010011
1000011010110100
1000111101111010
1011001011011110
1001010100101101
0001000110010111
1111001101000001
1101001000010100
0111110110101110
1110000110001110
1010110000110010
0011100000010110
0011001010011000
1111100000011001
0010101001011011
1100011011000100
0000001110000001
1100011100000000
1100010111111001
1101001000000001
0010101111001001
0111010010011011
1110111001101111
0100000101111000
0110101100001111
1010001000100110
0011111100010111
0000000001110101
1011010110101010
1101101111101000
1111100100100111
0100101000001000
0010011110001110
1101000111010011
0111111110110000
1011101110010101
0010101010101000
0100101110001000
1011001100110111
1000101111000111
0101011110101001
0111101010101111
0011011111010011
0011111111111010
1111110111010000
1011101010100000
0011110000000010
0111010111000000
1111110001000000
1111111110000100
1011000010101100
0010010011011101
1011000000001110
0101011010000110
0010110110000111
1110100001000110
0100111011010000
0000111000010101
1000001011101011
1101111100010100
0101111001110110
1100001000111011
0000010110101110
0011100001011010
1010111001010100
0011110001110001
0010000000010111
0110011110100111
1011000011000110
1100100011011001
1000100100100000
0111110000101011
0111010000011011
1101011101100011
0101001100001110
1001110101011101
0100011001010111
1100110010100100
1100000001001011
0110101011010111
1011110011100001
1111110111100010
1111011011001111
0000100100001110
1000011110111001
1000111110110110
1111011101111001
0010100100010110
1101010000110100
1010010001100000
0111101010101110
1010001111110011
1101111110111000
1010100101010101
1111100010011111
0110001000111000
0011110010111101
1000111110101001
1010100011000101
0010110110010111
1001010000110011
0110011000010010
0001001111011100
1101011101010010
1000011010010001
0101000010000110
1000010100010011
0111100000010010
1111011110110100
1111001000011000
1011110101000010
1000111101101110
1101010100101001
1111010001100011
0000101001111111
0011111101001110
1100100010010001
1111101111010001
0111111010010100
1110111011110111
0101010111111100
0001001010100011
1010101100101011
1010000101000100
1011100100001011
0100101110101000
0100001000000101
1011111111101000
0010100101101100
0011001100011010
1000000001011010
1010101000111001
0101110100000010
0110011001011011
1010010111110000
1101011011001000
0110101010111001
0000001000010000
1110101100001110
0100100111101001
0001011011111101
0001001001000001
0000111010111000
0001001010110011
1101101011101001
1111111101001010
0010001101111011
0000000000110001
1101000100010011
0001001101001010
0101110100110110
0111110011101010
0000011111111100
0111101001001100
0000010000010100
1010000011010111
0000100001010110
0010001111111000
0100100010110011
0110111001111001
1110010001100110
1000110110001111
0110011111111101
1001000010000000
1111010001100010
0100011111111100
0100011000011100
1101110100100110
0100100000100101
0100100001001010
0101000111101110
0010000110010010
0000000001000100
0101100100110011
0011010011111111
0000100011010000
1110010010010101
1110010110000010
0001111000111011
1111011101111101
1110101111001100
1111011111100110
1000110010100000
1000101110011001
0000001000010100
0001101110011011
0110110010110110
1000100010001100
1000110011101110
0000000100101011
0101101010111110
0011000100011000
0111001110011011
0001011010010111
0001011000111100
1001000110100110
1111001110000001
0100000000000010
0010111010001101
0001001101111111
1011110001011100
0101111000011101
0001101001000001
0011110111100110
1111101000000001
1111000000011111
1100100101001100
0100101101001010
0010111011001001
0100100000111000
0001010100110111
1010011111000000
0000111010010000
1011100110111100
0011010101110111
0101101011001110
1001011000111101
1000001111011001
1101110111011010
0011110111001101
0110101001100011
0010010011110011
0100000000111100
1001101110100101
1010111011111011
1111110000011001
0110111111101101
1000101111000101
1010000110001110
1000101010100011
1001011011100010
1011001100000111
1101010100000010
0000100011111011
1100011011000110
1110010111011011
0101101011101101
1010001101010111
0011000100000000
0111100000100000
0101000101100000
0101111101100100
1101110110001111
0011101101111000
1000001111100000
0011011101101001
0111011110000000
1001010101010100
0101101011000010
1100010010111101
0110111011101000
0100001101011100
1111111010001101
0110101101111011
1111011001111001
1110010100110100
0000111100111111
0101101000101000
1010111111000010
0100001101111100
0100011111101111
0011101110100000
0001101010010001
0100111011011101
1010010111101010
1010001000001011
0101110010110100
1001001111011110
0100001011001101
0100010001111111
1000001001100111
1001100111101101
0011010011010001
0001011011101100
1011010011001111
1001010110100101
0001111000110111
1011100001110100
0101100001101100
0000101010010011
0111010011010101
1100011110011101
1111011000110011
0001011111101110
0111011110010110
1001101100011000
1110111101111110
1001011001110100
1011010011001110
0010100011000011
0010000000001010
1001100100111100
0001110011001100
0100011000110101
1011110011100110
1011111010100110
1011001110001011
0010100011011100
0101011110011111
0010011011000011
0101110111000100
0001101000011010
0111001001011110
0100011010011001
1001101011100010
0011101100110100
0010101110010101
1101100010110101
1110100000110101
0001001110001111
1010101010011001
1110111011011101
0110010100001100
0101100111011101
1001101010101100
1010101010000000
1101101001010110
1010011001111011
1110100110111000
0111001001100010
0101000110001100
0110010000011011
0011011001101100
1010101010011010
0100110001010100
1000101111010000
0110100010111011
0001011010011110
0001001000010110
0000101110101110
1001110000001011
0101011001110100
1011000111001111
0010111110100011
1010110000111100
1110100111000011
1001011111100011
0101111000000010
1100010110010111
0111101001000001
0100010111000010
1010111100010100
1011000010111000
0010101101011101
1100010001011000
1101011000001001
1110111110100000
0010101111001110
0101001001001001
1110100010000101
1111000011101111
1111010110101010
0011000101101110
0010011011110011
1101111110100100
1111011011011001
0000011101001010
0110101101101010
1111100010001000
1100101111010010
1100001111111000
0100001111000111
0101111011110110
1110011000010110
0101000101010101
1011001100011000
0110111010000001
0001101110110100
1110101001110100
0101000101101011
0000000010000100
1110001000111011
1010010100010110
1001000111110110
0110110010110000
0111110101001111
1011101110000010
1100001011101000
0111110000000110
1001100111010101
0101010011100010
1110010111111110
1001100001010010
1111000101011110
1110100010010001
0111111000111011
0000000010101010
1110001010111010
0111100111100000
1101101101010110
0110100001001100
1100000001111011
0101010010100000
1011101111110001
0110100001010011
0101001011111001
1001000101000000
0111100010000100
1100001001111101
0011011101010110
1101101110001110
1111011111010110
0000001101011011
0010101010111010
0010111100100001
0101011011000011
0110111111000111
1011000000100111
0101100101100100
0010100011011101
0100011110111000
0111100110000011
1100000011000101
1010011001000011
1101100001100010
1000100001110001
0110000000101101
1011110000110001
0110010000001110
1011001000110110
0100100101101110
0000110111100011
0001111111110011
1011100101000101
0001000010011111
0000010110111010
0010011101000111
1010101111101111
0011100111110010
0011101110010011
1100101101111010
1101010010001011
1101100010110001
1011101001100000
1010100001100011
1001101011010011
1001010101110100
0100010110110001
0100001000101010
1110011001111111
0001001110111000
1010101000010001
0111110011111101
0011111011010111
0110001011010001
0111101110110001
0011011100101101
1100000010011100
1010111011010000
1100100000011111
1011111100100000
1001100110110110
0000111010011111
0110110111101001
0110001100110001
0101101000100001
0111111001110011
0011100111110101
1010110101000110
0011101010001001
1101010111110100
1011100001001011
0110111000000000
0000001100101101
1111101110001100
0111100101001010
0110011001110011
1000001100100000
0011100010111100
1000000000111100
0010000010010011
1110101010111000
0000010010011110
1001000011000011
1001010000000010
0110100111010001
1100010111011011
1111101110111010
0010110101011011
1110001000010010
0001110100000111
1111010111010000
0011001000001001
0011000101011101
0001000111001101
0101110111011100
0001001001001110
1001001111000001
0000000000010110
1011100011100110
1001110010110100
0101111010100101
1111110111100011
0010001101110100
1111001001001010
1000000000101111
0010001001011011
1010110010011000
1001101000110101
0001011001000011
1111111111111100
0100001101011010
0111001010000100
1010000000100111
1111101110100001
1100010011110001
1110001101101111
0000110110010000
1100111111101011
0111111111110011
1010011110100010
0101001101100110
0000010110001011
0011000111000110
1001011100011000
0001011010111111
1010111110011000
0000001111110000
0000000100010010
1010110001101000
1001001111001000
0100110111110110
1110111110110101
1110101100100111
0011001100111100
1101101000001100
0000000110100000
0000010001111111
1100100001101101
1000010010110010
1110101101011100
1001100001001000
0110111000011000
0010110100110011
1001010000101010
0111001011010101
1010000110010111
0101101100111000
1111110111001110
1011111110010001
1011100101100010
1001111011010110
1101100000010010
0100011111110110
0001100100011001
1100010000101111
1000011111000101
0011100011011011
1011011110000100
0000001100001011
1100100001111110
1111000001000001
0000010011010111
1010000101100100
0001101101111111
0010100000011110
0110011011010110
1011010111000100
1101111010010101
0100001101110101
0011010010100001
0110110011000110
0101011100000100
1010011110110111
0101110111001110
0001000011011011
1001000011010101
0000101011011011
0111110100001100
0111100011110101
0010011011110101
1101001100010001
1100010111110101
1010000110111101
0110001111110100
0111011101000000
1100010000101000
0111000010010100
1111011011101000
0000101011010011
1111001100101101
1101111100110100
1010011000111001
0101111011111111
1011000010101000
0110100110101110
1111001011111001
0010101110100000
1101010011101101
1010111010101011
0011011101011011
0111000111010000
1011010101111001
1001010111011111
1011001101001010
1011100010000010
1011011001111011
1110001011111001
0111101000110011
1100111101100101
1010100001100111
0111010111100011
1000111011110101
0011010111101010
0010011101011111
0100011011111000
0010010010100101
0110001111000010
1101010100011010
0101101011101011
1101010010000010
1010001110000001
1100001110101100
1010010100111001
0101011011101110
1000111000111101
0101111010001011
0101010011111011
0011100001000001
0000010000110010
0010001100100010
1110100000000011
1100101011101010
1100000111101010
1111100011010110
0010000011110010
0011010010000010
0011110011100101
1100111101101010
0110001010010101
1011000001000110
1010110101010101
0101011100000100
1011011000111000
1000000001110000
1001000000001110
0101111111100001
0101101000101001
0100101100100101
1011011000010001
1101001100011110
1011101000001110
1010011111011110
1000000110010000
0001111110111111
1010001011111000
1001101011010111
1110101110111111
1010111001010011
1100001001110111
0110011101011110
1110010110001100
0001110101011011
0010100101011010
0000001111001111
0000001011111001
1001000100100011
1000111101100110
0111100001110110
1111101001010000
0100001010011001
0100111110010101
0010101001001110
1000011101011100
1111101101000000
0100110000000010
0011011101011011
1000000001111010
1111010111000011
1011000010011000
0111000011011011
0110010110101111
0000101000101100
1110110101000111
0111010010000110
0000000110101101
0101001100111111
0010011100100100
1011110011100010
0011000110011011
0101001010101110
0111100001111101
1111001011100010
1101111110100100
0011011111000010
0001000000000100
0010111011100110
0111110011101111
0111000000111111
1100101011010111
0111001110000101
0001000001010000
0101101001011110
0100100010101001
1110001010011001
1010100010101001
1100000110011000
0010111111000000
1110110100111001
1101000101001010
1100011010101111
0010000101100001
1101000111111110
0001110011110011
0001011010000010
0100110111000100
0101000101010110
1100000001010011
0110011011011001
1100011011010011
1010001111001010
0001101001100010
0010000011010111
0000010000101101
1100110110001010
1100000001101111
1100100101100010
